0 1 1
0 2 1
0 3 1
1 0 1
1 4 1
1 26 1
2 0 1
2 10 1
2 11 1
3 0 1
3 18 1
3 19 1
4 1 1
4 5 1
4 33 1
5 4 1
5 6 1
5 29 1
6 5 1
6 7 1
6 27 1
7 6 1
7 8 1
7 14 1
8 7 1
8 9 1
8 38 1
9 8 1
9 10 1
9 37 1
10 2 1
10 9 1
10 39 1
11 2 1
11 12 1
11 39 1
12 11 1
12 13 1
12 35 1
13 12 1
13 14 1
13 15 1
14 7 1
14 13 1
14 34 1
15 13 1
15 16 1
15 22 1
16 15 1
16 17 1
16 44 1
17 16 1
17 18 1
17 43 1
18 3 1
18 17 1
18 45 1
19 3 1
19 20 1
19 45 1
20 19 1
20 21 1
20 41 1
21 20 1
21 22 1
21 23 1
22 15 1
22 21 1
22 40 1
23 21 1
23 24 1
23 27 1
24 23 1
24 25 1
24 32 1
25 24 1
25 26 1
25 31 1
26 1 1
26 25 1
26 33 1
27 6 1
27 23 1
27 28 1
28 27 1
28 29 1
28 32 1
29 5 1
29 28 1
29 30 1
30 29 1
30 31 1
30 33 1
31 25 1
31 30 1
31 32 1
32 24 1
32 28 1
32 31 1
33 4 1
33 26 1
33 30 1
34 14 1
34 35 1
34 38 1
35 12 1
35 34 1
35 36 1
36 35 1
36 37 1
36 39 1
37 9 1
37 36 1
37 38 1
38 8 1
38 34 1
38 37 1
39 10 1
39 11 1
39 36 1
40 22 1
40 41 1
40 44 1
41 20 1
41 40 1
41 42 1
42 41 1
42 43 1
42 45 1
43 17 1
43 42 1
43 44 1
44 16 1
44 40 1
44 43 1
45 18 1
45 19 1
45 42 1
